              precision    recall  f1-score   support

           0     0.9671    0.9928    0.9798     38323
           1     0.9104    0.7291    0.8098      1617
           2     0.9506    0.7993    0.8684      1156
           3     0.8069    0.7369    0.7703      1661
           4     0.7974    0.7305    0.7625       835
           5     0.9192    0.8189    0.8662      1668
           6     0.7926    0.6693    0.7257       257
           7     0.7900    0.7236    0.7554       702
           8     0.6616    0.6065    0.6329       216

    accuracy                         0.9510     46435
   macro avg     0.8440    0.7563    0.7968     46435
weighted avg     0.9492    0.9510    0.9492     46435
