              precision    recall  f1-score   support

           0     0.9626    0.9642    0.9634     38323
           1     0.7727    0.6308    0.6946      1617
           2     0.8049    0.7102    0.7546      1156
           3     0.6276    0.6189    0.6232      1661
           4     0.5439    0.6084    0.5743       835
           5     0.7564    0.7242    0.7400      1668
           6     0.4495    0.5019    0.4743       257
           7     0.6371    0.5926    0.6140       702
           8     0.2280    0.6343    0.3354       216

    accuracy                         0.9092     46435
   macro avg     0.6425    0.6651    0.6415     46435
weighted avg     0.9140    0.9092    0.9107     46435
